4803            
4               
13              
0               
1               
14              
17409           
0               
0               
0               
17413           
32              
2               
6               
0               
1               

// Volume Independent Parameters
1               
0               
0               
0               
0               
0               
0               
0               
0               
0               
20              
5               
2000            
5000            
-96             
-80             
-50             
-30             
0               
-96             
-80             
-40             
-25             
-25             
1               
9               
32              
32              
32              
32              
32              
32              
32              
32              
32              
27              
23              
22              
20              
20              
20              
23              
26              
30              
32              
32              
32              
26              
21              
18              
19              
20              
23              
23              
25              
26              
28              
30              
29              
24              
19              
17              
18              
20              
20              
18              
18              
20              
22              
24              
24              
25              
26              
27              
26              
24              
23              
22              
21              
20              
21              
22              
23              
24              
24              
24              
24              
23              
21              
20              
20              
20              
20              
21              
21              
22              
22              
23              
23              
24              
24              
24              
24              
24              
25              
25              
25              
25              
25              
25              
26              
26              
26              
26              
26              
25              
25              
25              
25              
25              
24              
24              
23              
23              
23              
23              
22              
22              
21              
21              
20              
20              
19              
19              
19              
19              
18              
18              
18              
17              
17              
17              
17              
16              
16              
16              
16              
16              
16              
16              
15              
15              
15              
15              
15              
15              
15              
15              
15              
16              
16              
16              
16              
16              
16              
16              
16              
16              
16              
16              
16              
16              
16              
16              
16              
16              
16              
16              
16              
16              
16              
16              
16              
16              
16              
16              
16              
15              
15              
15              
15              
15              
15              
14              
14              
14              
14              
14              
14              
13              
13              
13              
13              
12              
12              
12              
12              
12              
11              
11              
11              
11              
11              
10              
10              
10              
10              
10              
10              
10              
9               
9               
9               
9               
9               
9               
8               
8               
8               
8               
8               
8               
8               
8               
8               
8               
8               
7               
7               
7               
7               
7               
7               
7               
7               
7               
7               
7               
7               
7               
7               
6               
6               
6               
6               
6               
6               
6               
6               
6               
5               
5               
5               
5               
5               
5               
5               
5               
5               
5               
4               
4               
4               
4               
4               
4               
4               
4               
4               
4               
4               
3               
3               
3               
3               
3               
3               
3               
3               
3               
3               
3               
3               
3               
3               
3               
3               
3               
2               
2               
2               
2               
2               
2               
2               
2               
2               
2               
2               
2               
2               
2               
2               
2               
3               
3               
3               
3               
3               
3               
3               
3               
3               
3               
3               
3               
3               
3               
4               
4               
4               
4               
4               
4               
4               
4               
4               
5               
5               
5               
5               
5               
5               
5               
5               
5               
5               
5               
6               
6               
6               
6               
6               
6               
6               
6               
6               
6               
7               
7               
7               
7               
7               
7               
7               
8               
8               
8               
8               
8               
8               
8               
8               
9               
9               
9               
9               
9               
9               
9               
9               
9               
9               
9               
9               
9               
9               
9               
9               
9               
9               
9               
9               
9               
9               
9               
9               
9               
9               
9               
9               
9               
9               
9               
9               
9               
9               
9               
9               
10              
10              
10              
10              
10              
10              
10              
11              
11              
11              
11              
11              
11              
11              
12              
12              
12              
12              
12              
12              
12              
12              
12              
12              
12              
12              
12              
12              
12              
13              
13              
13              
13              
13              
13              
13              
13              
13              
13              
14              
14              
14              
14              
14              
14              
15              
15              
15              
15              
15              
15              
15              
16              
16              
16              
16              
16              
16              
16              
16              
17              
17              
17              
17              
17              
17              
18              
18              
18              
18              
19              
19              
19              
20              
20              
20              
21              
21              
21              
22              
22              
22              
23              
23              
23              
23              
23              
23              
23              
23              
22              
22              
22              
22              
21              
21              
21              
20              
20              
20              
20              
19              
19              
19              
19              
19              
18              
18              
18              
18              
18              
18              
18              
18              
18              
18              
18              
18              
18              
18              
18              
18              
18              
18              
18              
18              
18              
18              
18              
18              
18              
18              
16              
15              
15              
15              
15              
15              
14              
13              
12              
11              
11              
11              
11              
11              
10              
10              
10              
10              
9               
8               
7               
7               
6               
6               
6               
6               
7               
8               
9               
9               
9               
10              
10              
10              
11              
12              
12              
12              
13              
14              
14              
14              
15              
16              
17              
19              
20              
20              
20              
20              
20              
20              
20              
20              
20              
20              
20              
20              
20              
20              
20              
20              
20              
14              
14              
32              
32              
32              
32              
32              
32              
32              
32              
32              
25              
21              
19              
18              
19              
20              
23              
26              
30              
32              
32              
27              
22              
19              
17              
18              
19              
21              
24              
26              
28              
29              
31              
29              
23              
18              
15              
16              
18              
20              
19              
19              
20              
23              
25              
26              
26              
26              
25              
24              
23              
22              
21              
21              
21              
22              
23              
24              
24              
24              
24              
23              
22              
20              
20              
20              
20              
20              
21              
21              
22              
22              
22              
22              
22              
22              
22              
22              
23              
23              
23              
23              
23              
24              
24              
24              
24              
24              
24              
24              
23              
23              
23              
23              
22              
22              
22              
22              
22              
21              
21              
21              
21              
20              
20              
20              
20              
20              
20              
20              
20              
19              
19              
19              
19              
18              
18              
18              
18              
18              
18              
17              
17              
17              
17              
17              
17              
17              
17              
17              
17              
17              
17              
17              
17              
17              
17              
17              
17              
16              
16              
16              
16              
16              
16              
16              
16              
16              
16              
16              
16              
16              
16              
16              
16              
16              
16              
16              
16              
16              
15              
15              
15              
15              
15              
15              
15              
15              
15              
15              
15              
15              
14              
14              
14              
14              
14              
14              
14              
14              
14              
13              
13              
13              
13              
13              
13              
12              
12              
12              
12              
12              
12              
12              
12              
12              
11              
11              
11              
11              
11              
11              
11              
11              
11              
11              
10              
10              
10              
10              
10              
10              
10              
10              
10              
10              
10              
10              
10              
10              
10              
10              
10              
10              
10              
10              
10              
10              
9               
9               
9               
9               
9               
9               
9               
9               
8               
8               
8               
8               
8               
7               
7               
7               
7               
7               
6               
6               
6               
6               
6               
6               
6               
6               
6               
5               
5               
5               
5               
5               
5               
5               
5               
5               
5               
5               
5               
5               
5               
5               
5               
5               
5               
5               
5               
5               
4               
4               
4               
4               
4               
4               
4               
4               
4               
4               
4               
4               
4               
4               
4               
3               
3               
3               
3               
3               
3               
3               
3               
3               
3               
3               
3               
3               
3               
3               
3               
3               
3               
3               
3               
3               
3               
3               
3               
3               
3               
3               
3               
3               
3               
3               
3               
3               
3               
3               
3               
3               
3               
3               
3               
3               
3               
3               
3               
3               
3               
3               
3               
3               
4               
4               
4               
4               
4               
4               
4               
4               
4               
4               
4               
4               
4               
5               
5               
5               
5               
5               
5               
5               
5               
6               
6               
6               
6               
6               
6               
6               
6               
6               
7               
7               
7               
7               
7               
7               
7               
7               
7               
7               
7               
7               
7               
7               
7               
7               
7               
7               
7               
7               
8               
8               
8               
8               
8               
8               
8               
8               
8               
8               
9               
9               
9               
9               
9               
9               
9               
9               
9               
9               
9               
10              
10              
10              
10              
10              
10              
10              
10              
10              
10              
10              
10              
10              
10              
10              
11              
11              
11              
11              
11              
11              
11              
11              
11              
11              
11              
11              
11              
11              
12              
12              
12              
12              
12              
12              
12              
12              
12              
12              
12              
12              
12              
13              
13              
13              
13              
13              
13              
13              
13              
13              
13              
13              
13              
13              
13              
13              
13              
13              
13              
13              
13              
13              
13              
13              
13              
13              
13              
13              
13              
13              
13              
13              
13              
13              
13              
13              
13              
13              
13              
13              
13              
13              
13              
13              
13              
13              
13              
13              
14              
14              
14              
14              
14              
14              
14              
14              
14              
14              
14              
14              
15              
15              
15              
15              
16              
16              
16              
15              
14              
14              
13              
12              
12              
13              
13              
13              
14              
14              
13              
12              
12              
11              
11              
11              
11              
11              
12              
12              
12              
11              
11              
10              
10              
10              
10              
9               
8               
7               
6               
5               
5               
5               
5               
5               
5               
5               
5               
6               
6               
7               
7               
7               
7               
7               
7               
7               
7               
7               
7               
7               
7               
7               
7               
7               
7               
7               
7               
10              
10              
32              
32              
32              
32              
32              
32              
32              
32              
32              
32              
32              
32              
32              
32              
32              
32              
32              
32              
32              
32              
32              
32              
32              
32              
32              
32              
32              
32              
32              
32              
32              
32              
32              
32              
32              
32              
32              
32              
32              
32              
32              
32              
32              
32              
32              
32              
32              
32              
32              
32              
32              
32              
32              
32              
32              
32              
32              
32              
32              
32              
32              
32              
32              
32              
32              
32              
32              
32              
32              
32              
32              
32              
32              
32              
32              
32              
32              
32              
32              
32              
32              
32              
32              
32              
32              
32              
32              
32              
32              
32              
32              
32              
32              
32              
32              
32              
32              
32              
32              
32              
32              
32              
32              
32              
32              
32              
32              
32              
32              
32              
32              
32              
32              
32              
32              
32              
32              
32              
32              
32              
32              
32              
32              
32              
32              
32              
32              
32              
32              
32              
32              
32              
32              
32              
32              
32              
32              
32              
32              
32              
32              
32              
32              
32              
32              
32              
32              
32              
32              
32              
32              
32              
32              
32              
32              
32              
32              
32              
32              
32              
32              
32              
32              
32              
32              
32              
32              
32              
32              
32              
32              
32              
32              
32              
32              
32              
32              
32              
32              
32              
32              
32              
32              
32              
32              
32              
32              
32              
32              
32              
32              
32              
32              
32              
32              
32              
32              
32              
32              
32              
32              
32              
32              
32              
32              
32              
32              
32              
32              
32              
32              
32              
32              
32              
32              
32              
32              
32              
32              
32              
32              
32              
32              
32              
32              
32              
32              
32              
32              
32              
32              
32              
32              
32              
32              
32              
32              
32              
32              
32              
32              
32              
32              
32              
32              
32              
32              
32              
32              
32              
32              
32              
32              
32              
32              
32              
32              
32              
32              
32              
32              
32              
32              
32              
32              
32              
32              
32              
32              
32              
32              
32              
32              
32              
32              
32              
32              
32              
32              
32              
32              
32              
32              
32              
32              
32              
32              
32              
32              
32              
32              
32              
32              
32              
32              
32              
32              
32              
32              
32              
32              
32              
32              
32              
32              
32              
32              
32              
32              
32              
32              
32              
32              
32              
32              
32              
32              
32              
32              
32              
32              
32              
32              
32              
32              
32              
32              
32              
32              
32              
32              
32              
32              
32              
32              
32              
32              
32              
32              
32              
32              
32              
32              
32              
32              
32              
32              
32              
32              
32              
32              
32              
32              
32              
32              
32              
32              
32              
32              
32              
32              
32              
32              
32              
32              
32              
32              
32              
32              
32              
32              
32              
32              
32              
32              
32              
32              
32              
32              
32              
32              
32              
32              
32              
32              
32              
32              
32              
32              
32              
32              
32              
32              
32              
32              
32              
32              
32              
32              
32              
32              
32              
32              
32              
32              
32              
32              
32              
32              
32              
32              
32              
32              
32              
32              
32              
32              
32              
32              
32              
32              
32              
32              
32              
32              
32              
32              
32              
32              
32              
32              
32              
32              
32              
32              
32              
32              
32              
32              
32              
32              
32              
32              
32              
32              
32              
32              
32              
32              
32              
32              
32              
32              
32              
32              
32              
32              
32              
32              
32              
32              
32              
32              
32              
32              
32              
32              
32              
32              
32              
32              
32              
32              
32              
32              
32              
32              
32              
32              
32              
32              
32              
32              
32              
32              
32              
32              
32              
32              
32              
32              
32              
32              
32              
32              
32              
32              
32              
32              
32              
32              
32              
32              
32              
32              
32              
32              
32              
32              
32              
32              
32              
32              
32              
32              
32              
32              
32              
32              
32              
32              
32              
32              
32              
32              
32              
32              
32              
32              
32              
32              
32              
32              
32              
32              
32              
32              
32              
32              
32              
32              
32              
32              
32              
32              
32              
32              
32              
32              
32              
32              
32              
32              
32              
32              
32              
32              
32              
32              
32              
32              
32              
32              
32              
32              
32              
32              
32              
32              
32              
32              
32              
32              
32              
32              
32              
32              
32              
32              
32              
32              
32              
32              
32              
32              
32              
32              
32              
32              
32              
32              
32              
32              
32              
32              
32              
32              
32              
32              
32              
32              
32              
32              
32              
32              
32              
32              
32              
32              
32              
32              
32              
32              
32              
32              
32              
32              
32              
32              
32              
32              
32              
32              
32              
32              
32              
32              
32              
32              
32              
32              
32              
32              
32              
32              
32              
32              
32              
32              
32              
32              
32              
32              
32              
32              
32              
32              
32              
32              
32              
32              
32              
32              
32              
32              
32              
32              
32              
32              
32              
32              
32              
32              
32              
32              
32              
32              
32              
32              
32              
32              
32              
32              
32              
32              
32              
32              
32              
32              
32              
32              
32              
32              
32              
32              
32              
32              
32              
32              
32              
32              
32              
32              
32              
32              
32              
32              
32              
32              
32              
32              
32              
32              
32              
32              
32              
32              
32              
32              
32              
32              
32              
32              
32              
32              
32              
32              
32              
32              
32              
32              
32              
32              
32              
32              
32              
32              
32              
32              
32              
32              
32              
32              
32              
32              
32              
32              
32              
32              
32              
32              
32              
32              
32              
32              
32              
32              
32              
32              
32              
32              
32              
32              
32              
32              
32              
32              
32              
32              
32              
32              
32              
32              
32              
32              
32              
32              
32              
32              
32              
32              
32              
32              
32              
32              
32              
32              
32              
32              
32              
32              
32              
32              
32              
32              
32              
32              
32              
32              
32              
32              
32              
32              
32              
32              
32              
32              
32              
32              
32              
32              
32              
32              
32              
32              
32              
32              
32              
32              
32              
32              
32              
32              
32              
32              
32              
32              
32              
32              
32              
32              
32              
32              
32              
32              
32              
32              
32              
32              
32              
32              
32              
32              
32              
32              
32              
32              
32              
32              
32              
32              
32              
32              
32              
32              
32              
32              
32              
32              
32              
32              
32              
32              
32              
32              
32              
32              
32              
32              
32              
32              
32              
32              
32              
32              
32              
32              
32              
32              
32              
32              
32              
32              
32              
32              
32              
32              
32              
32              
32              
32              
32              
32              
32              
32              
32              
32              
32              
32              
32              
32              
32              
32              
32              
32              
32              
32              
32              
32              
32              
32              
32              
32              
32              
32              
32              
32              
32              
32              
32              
32              
32              
32              
32              
32              
32              
32              
32              
32              
32              
32              
32              
32              
32              
32              
32              
32              
32              
32              
32              
32              
32              
32              
32              
32              
32              
32              
32              
32              
32              
32              
32              
32              
32              
32              
32              
32              
32              
32              
32              
32              
32              
32              
32              
32              
32              
32              
32              
32              
32              
32              
32              
32              
32              
32              
32              
32              
32              
32              
32              
32              
32              
32              
32              
32              
32              
32              
32              
32              
32              
32              
32              
32              
32              
32              
32              
32              
32              
32              
32              
32              
32              
32              
32              
32              
32              
32              
32              
32              
32              
32              
32              
32              
32              
32              
32              
32              
32              
32              
32              
32              
32              
32              
32              
32              
32              
32              
32              
32              
32              
32              
32              
32              
32              
32              
32              
32              
32              
32              
32              
32              
32              
32              
32              
32              
32              
32              
32              
32              
32              
32              
32              
32              
32              
32              
32              
32              
32              
32              
32              
32              
32              
32              
32              
32              
32              
32              
32              
32              
32              
32              
32              
32              
32              
32              
32              
32              
32              
32              
32              
32              
32              
32              
32              
32              
32              
32              
32              
32              
32              
32              
32              
32              
32              
32              
32              
32              
32              
32              
32              
32              
32              
32              
32              
32              
32              
32              
32              
32              
32              
32              
32              
32              
32              
32              
32              
32              
32              
32              
32              
32              
32              
32              
32              
32              
32              
32              
32              
32              
32              
32              
32              
32              
32              
32              
32              
32              
32              
32              
32              
32              
32              
32              
32              
32              
32              
32              
32              
32              
32              
32              
32              
32              
32              
32              
32              
32              
32              
32              
32              
32              
32              
32              
32              
32              
32              
32              
32              
32              
32              
0               
6553            
32767           
45              
75              
40              
40              
-6              
-6              
0               
1               
250             
0               
0               
24000           
6               
-12             
12              
-69             
-73             
-82             
-85             
-87             
-90             
-93             
-94             
-96             
-96             
-98             
-99             
-99             
-100            
-100            
-101            
-102            
-102            
-102            
-103            
-103            
-104            
-104            
-104            
-104            
-104            
-105            
-105            
-105            
-106            
-105            
-106            
-106            
-106            
-107            
-106            
-107            
-107            
-107            
-107            
-107            
-107            
-108            
-108            
-107            
-108            
-108            
-108            
-109            
-108            
-108            
-109            
-109            
-109            
-109            
-109            
-109            
-109            
-109            
-109            
-110            
-110            
-109            
-110            
-110            
-110            
-110            
-110            
-110            
-110            
-110            
-110            
-110            
-111            
-110            
-110            
-111            
-111            
-111            
-111            
-111            
-111            
-111            
-111            
-111            
-111            
-111            
-111            
-111            
-111            
-111            
-111            
-111            
-111            
-111            
-111            
-111            
-111            
-111            
-111            
-112            
-112            
-112            
-112            
-112            
-111            
-111            
-112            
-112            
-112            
-112            
-112            
-112            
-112            
-112            
-112            
-112            
-112            
-112            
-112            
-112            
-112            
-112            
-112            
-112            
-112            
-112            
-112            
-112            
-112            
-112            
-112            
-113            
-113            
-112            
-112            
-112            
-112            
-112            
-112            
-112            
-113            
-112            
-112            
-112            
-112            
-112            
-113            
-113            
-112            
-112            
-112            
-113            
-112            
-113            
-113            
-112            
-113            
-112            
-112            
-113            
-113            
-113            
-113            
-113            
-113            
-113            
-112            
-113            
-113            
-113            
-113            
-113            
-113            
-113            
-113            
-113            
-112            
-112            
-113            
-113            
-113            
-112            
-112            
-113            
-113            
-113            
-113            
-113            
-113            
-112            
-112            
-112            
-112            
-112            
-113            
-112            
-112            
-112            
-112            
-112            
-112            
-113            
-112            
-112            
-112            
-112            
-112            
-112            
-113            
-112            
-112            
-112            
-112            
-112            
-112            
-112            
-112            
-113            
-112            
-112            
-112            
-112            
-112            
-112            
-112            
-111            
-111            
-111            
-111            
-111            
-111            
-111            
-111            
-112            
-111            
-111            
-111            
-111            
-111            
-111            
-111            
-111            
-111            
-111            
-110            
-110            
-110            
-110            
-110            
-110            
-109            
-109            
-109            
-109            
-109            
-107            
-108            
-108            
-108            
-108            
-108            
-108            
-108            
-109            
-108            
-108            
-107            
-107            
-107            
-108            
-107            
-106            
-107            
-107            
-106            
-106            
-106            
-106            
-106            
-106            
-106            
-105            
-105            
-106            
-107            
-107            
-107            
-108            
-108            
-107            
-108            
-108            
-108            
-109            
-108            
-109            
-108            
-108            
-109            
-109            
-110            
-110            
-110            
-110            
-110            
-110            
-110            
-110            
-111            
-111            
-111            
-111            
-111            
-111            
-111            
-111            
-111            
-111            
-111            
-111            
-112            
-112            
-112            
-112            
-112            
-112            
-112            
-112            
-112            
-112            
-112            
-112            
-112            
-113            
-113            
-113            
-113            
-113            
-113            
-112            
-112            
-113            
-113            
-113            
-113            
-113            
-113            
-114            
-113            
-113            
-114            
-113            
-113            
-113            
-113            
-113            
-113            
-113            
-113            
-113            
-113            
-113            
-113            
-114            
-113            
-113            
-114            
-113            
-113            
-114            
-114            
-113            
-114            
-114            
-113            
-113            
-114            
-113            
-113            
-113            
-114            
-114            
-114            
-113            
-113            
-114            
-113            
-113            
-113            
-114            
-114            
-113            
-114            
-114            
-114            
-114            
-114            
-114            
-113            
-114            
-113            
-114            
-114            
-113            
-113            
-114            
-114            
-114            
-113            
-113            
-113            
-114            
-114            
-114            
-114            
-114            
-114            
-114            
-114            
-114            
-114            
-114            
-114            
-114            
-114            
-114            
-114            
-114            
-114            
-114            
-114            
-114            
-114            
-114            
-114            
-114            
-114            
-114            
-114            
-114            
-114            
-114            
-114            
-114            
-114            
-114            
-114            
-113            
-114            
-114            
-114            
-114            
-114            
-114            
-114            
-114            
-114            
-114            
-114            
-114            
-114            
-114            
-114            
-114            
-114            
-114            
-114            
-114            
-114            
-114            
-114            
-114            
-114            
-114            
-114            
-114            
-114            
-114            
-114            
-114            
-114            
-114            
-114            
-114            
-114            
-114            
-114            
-114            
-114            
-114            
-114            
-114            
-114            
-114            
-114            
-114            
-114            
-114            
-114            
-114            
-114            
-114            
-114            
-114            
-114            
-114            
-114            
-114            
-114            
-114            
-114            
-114            
-69             
-72             
-80             
-84             
-87             
-89             
-92             
-93             
-95             
-96             
-97             
-97             
-98             
-99             
-99             
-100            
-100            
-101            
-101            
-102            
-102            
-102            
-103            
-103            
-103            
-103            
-103            
-104            
-104            
-105            
-105            
-105            
-105            
-105            
-106            
-106            
-106            
-106            
-106            
-106            
-107            
-107            
-107            
-107            
-107            
-107            
-107            
-107            
-108            
-108            
-108            
-108            
-108            
-108            
-108            
-108            
-108            
-108            
-108            
-109            
-109            
-109            
-109            
-109            
-109            
-109            
-109            
-109            
-109            
-109            
-109            
-109            
-109            
-110            
-110            
-110            
-110            
-110            
-110            
-110            
-110            
-110            
-110            
-110            
-110            
-110            
-110            
-110            
-110            
-110            
-110            
-110            
-111            
-111            
-110            
-111            
-111            
-111            
-111            
-111            
-111            
-111            
-111            
-111            
-111            
-111            
-111            
-111            
-111            
-111            
-111            
-111            
-111            
-111            
-112            
-111            
-111            
-111            
-111            
-111            
-111            
-111            
-112            
-112            
-112            
-111            
-111            
-112            
-111            
-112            
-112            
-112            
-112            
-112            
-112            
-112            
-112            
-112            
-112            
-112            
-112            
-112            
-112            
-112            
-112            
-112            
-112            
-112            
-112            
-112            
-112            
-112            
-112            
-112            
-112            
-112            
-112            
-112            
-112            
-112            
-112            
-112            
-112            
-112            
-112            
-112            
-112            
-112            
-112            
-112            
-112            
-112            
-112            
-112            
-112            
-112            
-112            
-112            
-112            
-112            
-112            
-112            
-112            
-112            
-113            
-112            
-112            
-112            
-112            
-112            
-112            
-112            
-112            
-112            
-112            
-112            
-112            
-112            
-112            
-112            
-113            
-113            
-112            
-112            
-112            
-112            
-112            
-112            
-112            
-112            
-112            
-112            
-113            
-112            
-112            
-112            
-112            
-112            
-112            
-112            
-112            
-112            
-112            
-112            
-112            
-112            
-112            
-112            
-112            
-112            
-112            
-112            
-112            
-112            
-112            
-112            
-111            
-112            
-112            
-112            
-112            
-112            
-112            
-112            
-112            
-112            
-112            
-111            
-112            
-112            
-111            
-111            
-112            
-111            
-111            
-110            
-109            
-111            
-111            
-111            
-110            
-111            
-111            
-110            
-111            
-111            
-110            
-110            
-110            
-110            
-111            
-110            
-110            
-110            
-109            
-109            
-108            
-108            
-109            
-109            
-109            
-109            
-109            
-107            
-107            
-108            
-109            
-108            
-109            
-109            
-109            
-108            
-108            
-107            
-108            
-108            
-108            
-107            
-107            
-107            
-107            
-106            
-106            
-106            
-106            
-107            
-107            
-107            
-106            
-106            
-107            
-108            
-107            
-107            
-108            
-108            
-108            
-109            
-108            
-108            
-108            
-109            
-108            
-108            
-109            
-109            
-109            
-109            
-109            
-110            
-110            
-109            
-109            
-110            
-110            
-110            
-110            
-109            
-110            
-110            
-110            
-110            
-111            
-111            
-111            
-111            
-111            
-111            
-111            
-111            
-111            
-112            
-112            
-111            
-112            
-112            
-112            
-112            
-112            
-112            
-112            
-112            
-112            
-112            
-112            
-112            
-112            
-112            
-112            
-112            
-112            
-112            
-112            
-113            
-112            
-112            
-113            
-113            
-112            
-112            
-112            
-113            
-113            
-113            
-112            
-113            
-113            
-113            
-113            
-113            
-113            
-113            
-113            
-113            
-113            
-113            
-113            
-113            
-113            
-113            
-113            
-113            
-113            
-113            
-113            
-113            
-113            
-113            
-113            
-113            
-113            
-113            
-113            
-113            
-113            
-113            
-113            
-113            
-113            
-113            
-113            
-113            
-113            
-113            
-113            
-113            
-113            
-113            
-113            
-113            
-113            
-113            
-114            
-114            
-114            
-113            
-113            
-114            
-113            
-113            
-113            
-114            
-113            
-113            
-113            
-113            
-113            
-113            
-113            
-113            
-113            
-113            
-113            
-114            
-114            
-113            
-114            
-113            
-113            
-113            
-113            
-113            
-114            
-114            
-114            
-114            
-113            
-113            
-113            
-113            
-113            
-113            
-113            
-113            
-113            
-114            
-114            
-113            
-114            
-114            
-114            
-114            
-113            
-113            
-113            
-114            
-114            
-114            
-114            
-113            
-113            
-113            
-114            
-113            
-113            
-113            
-113            
-114            
-113            
-113            
-113            
-114            
-113            
-113            
-113            
-114            
-113            
-113            
-113            
-113            
-113            
-113            
-113            
-144            
-144            
-144            
-144            
-144            
-144            
-144            
-144            
-144            
-144            
-144            
-144            
-144            
-144            
-144            
-144            
-144            
-144            
-144            
-144            
-144            
-144            
-144            
-144            
-144            
-144            
-144            
-144            
-144            
-144            
-144            
-144            
-144            
-144            
-144            
-144            
-144            
-144            
-144            
-144            
-144            
-144            
-144            
-144            
-144            
-144            
-144            
-144            
-144            
-144            
-144            
-144            
-144            
-144            
-144            
-144            
-144            
-144            
-144            
-144            
-144            
-144            
-144            
-144            
-144            
-144            
-144            
-144            
-144            
-144            
-144            
-144            
-144            
-144            
-144            
-144            
-144            
-144            
-144            
-144            
-144            
-144            
-144            
-144            
-144            
-144            
-144            
-144            
-144            
-144            
-144            
-144            
-144            
-144            
-144            
-144            
-144            
-144            
-144            
-144            
-144            
-144            
-144            
-144            
-144            
-144            
-144            
-144            
-144            
-144            
-144            
-144            
-144            
-144            
-144            
-144            
-144            
-144            
-144            
-144            
-144            
-144            
-144            
-144            
-144            
-144            
-144            
-144            
-144            
-144            
-144            
-144            
-144            
-144            
-144            
-144            
-144            
-144            
-144            
-144            
-144            
-144            
-144            
-144            
-144            
-144            
-144            
-144            
-144            
-144            
-144            
-144            
-144            
-144            
-144            
-144            
-144            
-144            
-144            
-144            
-144            
-144            
-144            
-144            
-144            
-144            
-144            
-144            
-144            
-144            
-144            
-144            
-144            
-144            
-144            
-144            
-144            
-144            
-144            
-144            
-144            
-144            
-144            
-144            
-144            
-144            
-144            
-144            
-144            
-144            
-144            
-144            
-144            
-144            
-144            
-144            
-144            
-144            
-144            
-144            
-144            
-144            
-144            
-144            
-144            
-144            
-144            
-144            
-144            
-144            
-144            
-144            
-144            
-144            
-144            
-144            
-144            
-144            
-144            
-144            
-144            
-144            
-144            
-144            
-144            
-144            
-144            
-144            
-144            
-144            
-144            
-144            
-144            
-144            
-144            
-144            
-144            
-144            
-144            
-144            
-144            
-144            
-144            
-144            
-144            
-144            
-144            
-144            
-144            
-144            
-144            
-144            
-144            
-144            
-144            
-144            
-144            
-144            
-144            
-144            
-144            
-144            
-144            
-144            
-144            
-144            
-144            
-144            
-144            
-144            
-144            
-144            
-144            
-144            
-144            
-144            
-144            
-144            
-144            
-144            
-144            
-144            
-144            
-144            
-144            
-144            
-144            
-144            
-144            
-144            
-144            
-144            
-144            
-144            
-144            
-144            
-144            
-144            
-144            
-144            
-144            
-144            
-144            
-144            
-144            
-144            
-144            
-144            
-144            
-144            
-144            
-144            
-144            
-144            
-144            
-144            
-144            
-144            
-144            
-144            
-144            
-144            
-144            
-144            
-144            
-144            
-144            
-144            
-144            
-144            
-144            
-144            
-144            
-144            
-144            
-144            
-144            
-144            
-144            
-144            
-144            
-144            
-144            
-144            
-144            
-144            
-144            
-144            
-144            
-144            
-144            
-144            
-144            
-144            
-144            
-144            
-144            
-144            
-144            
-144            
-144            
-144            
-144            
-144            
-144            
-144            
-144            
-144            
-144            
-144            
-144            
-144            
-144            
-144            
-144            
-144            
-144            
-144            
-144            
-144            
-144            
-144            
-144            
-144            
-144            
-144            
-144            
-144            
-144            
-144            
-144            
-144            
-144            
-144            
-144            
-144            
-144            
-144            
-144            
-144            
-144            
-144            
-144            
-144            
-144            
-144            
-144            
-144            
-144            
-144            
-144            
-144            
-144            
-144            
-144            
-144            
-144            
-144            
-144            
-144            
-144            
-144            
-144            
-144            
-144            
-144            
-144            
-144            
-144            
-144            
-144            
-144            
-144            
-144            
-144            
-144            
-144            
-144            
-144            
-144            
-144            
-144            
-144            
-144            
-144            
-144            
-144            
-144            
-144            
-144            
-144            
-144            
-144            
-144            
-144            
-144            
-144            
-144            
-144            
-144            
-144            
-144            
-144            
-144            
-144            
-144            
-144            
-144            
-144            
-144            
-144            
-144            
-144            
-144            
-144            
-144            
-144            
-144            
-144            
-144            
-144            
-144            
-144            
-144            
-144            
-144            
-144            
-144            
-144            
-144            
-144            
-144            
-144            
-144            
-144            
-144            
-144            
-144            
-144            
-144            
-144            
-144            
-144            
-144            
-144            
-144            
-144            
-144            
-144            
-144            
-144            
-144            
-144            
-144            
-144            
-144            
-144            
-144            
-144            
-144            
-144            
-144            
-144            
-144            
-144            
-144            
-144            
-144            
-144            
-144            
-144            
-144            
-144            
-144            
-144            
-144            
-144            
-144            
-144            
-144            
-144            
-144            
-144            
-144            
-144            
-144            
-144            
-144            
-144            
-144            
-144            
-144            
-144            
-144            
-144            
-144            
-144            
-144            
-144            
-144            
-144            
-144            
-144            
-144            
-144            
-144            
-144            
-144            
-144            
-144            
-144            
-144            
-144            
-144            
-144            
-144            
-144            
-144            
-144            
-144            
-144            
-144            
-144            
-144            
-144            
-144            
-144            
-144            
-144            
-144            
-144            
-144            
-144            
-144            
-144            
-144            
-144            
-144            
-144            
-144            
-144            
-144            
-144            
-144            
-144            
-144            
-144            
-144            
-144            
-144            
-144            
-144            
-144            
-144            
-144            
-144            
-144            
-144            
-144            
-144            
-144            
-144            
-144            
-144            
-144            
-144            
-144            
-144            
-144            
-144            
-144            
-144            
-144            
-144            
-144            
-144            
-144            
-144            
-144            
-144            
-144            
-144            
-144            
-144            
-144            
-144            
-144            
-144            
-144            
-144            
-144            
-144            
-144            
-144            
-144            
-144            
-144            
-144            
-144            
-144            
-144            
-144            
-144            
-144            
-144            
-144            
-144            
-144            
-144            
-144            
-144            
-144            
-144            
-144            
-144            
-144            
-144            
-144            
-144            
-144            
-144            
-144            
-144            
-144            
-144            
-144            
-144            
-144            
-144            
-144            
-144            
-144            
-144            
-144            
-144            
-144            
-144            
-144            
-144            
-144            
-144            
-144            
-144            
-144            
-144            
-144            
-144            
-144            
-144            
-144            
-144            
-144            
-144            
-144            
-144            
-144            
-144            
-144            
-144            
-144            
-144            
-144            
-144            
-144            
-144            
-144            
-144            
-144            
-144            
-144            
-144            
-144            
-144            
-144            
-144            
-144            
-144            
-144            
-144            
-144            
-144            
-144            
-144            
-144            
-144            
-144            
-144            
-144            
-144            
-144            
-144            
-144            
-144            
-144            
-144            
-144            
-144            
-144            
-144            
-144            
-144            
-144            
-144            
-144            
-144            
-144            
-144            
-144            
-144            
-144            
-144            
-144            
-144            
-144            
-144            
-144            
-144            
-144            
-144            
-144            
-144            
-144            
-144            
-144            
-144            
-144            
-144            
-144            
-144            
-144            
-144            
-144            
-144            
-144            
-144            
-144            
-144            
-144            
-144            
-144            
-144            
-144            
-144            
-144            
-144            
-144            
-144            
-144            
-144            
-144            
-144            
-144            
-144            
-144            
-144            
-144            
-144            
-144            
-144            
-144            
-144            
-144            
-144            
-144            
-144            
-144            
-144            
-144            
-144            
-144            
-144            
-144            
-144            
-144            
-144            
-144            
-144            
-144            
-144            
-144            
-144            
-144            
-144            
-144            
-144            
-144            
-144            
-144            
-144            
-144            
-144            
-144            
-144            
-144            
-144            
-144            
-144            
-144            
-144            
-144            
-144            
-144            
-144            
-144            
-144            
-144            
-144            
-144            
-144            
-144            
-144            
-144            
-144            
-144            
-144            
-144            
-144            
-144            
-144            
-144            
-144            
-144            
-144            
-144            
-144            
-144            
-144            
-144            
-144            
-144            
-144            
-144            
-144            
-144            
-144            
-144            
-144            
-144            
-144            
-144            
-144            
-144            
-144            
-144            
-144            
-144            
-144            
-144            
-144            
-144            
-144            
-144            
-144            
-144            
-144            
-144            
-144            
-144            
-144            
-144            
-144            
-144            
-144            
-144            
-144            
-144            
-144            
-144            
-144            
-144            
-144            
-144            
-144            
-144            
-144            
-144            
-144            
-144            
-144            
-144            
-144            
-144            
-144            
-144            
-144            
-144            
-144            
-144            
-144            
-144            
-144            
-144            
-144            
-144            
-144            
-144            
-144            
-144            
-144            
-144            
-144            
-144            
-144            
-144            
-144            
-144            
-144            
-144            
-144            
-144            
-144            
-144            
-144            
-144            
-144            
-144            
-144            
-144            
-144            
-144            
-144            
-144            
-144            
-144            
-144            
-144            
-144            
-144            
-144            
-144            
-144            
-144            
-144            
-144            
-144            
-144            
-144            
-144            
-144            
-144            
-144            
-144            
-144            
-144            
-144            
-144            
-144            
-144            
-144            
-144            
-144            
-144            
-144            
-144            
-144            
-144            
-144            
-144            
-144            
-144            
-144            
-144            
-144            
-144            
-144            
-144            
0               
0               
8               
0               
-8              
1               
0               
-12             
0               
9174            
0               
-15             
-3              
-20             
0               
9830            
1638            
655             
0               
-20             
0               
-6              
300             
300             
0               
0               
0               
0               
32767           
0               
0               
10976           
0               
-96             
28642           
0               
0               
-13             
16384           
16384           
16384           
16384           
16384           
-12             
-18             
96              
440             
6826            
6826            
6826            
6826            
6826            
0               
1               
10              
60              
-15             
-15             
1               
0               
-6              
-6              
1000            
1000            
6               
6               
0               
0               
300             
0               
100             
0               
0               
20              
0               
50              
0               
5               
0               
1777            
700             
0               
0               
0               
0               
3               
10              
1               
0               
5000            
1000            
0               
0               
0               
0               
3               
10              
1               
0               
6800            
600             
0               
0               
0               
0               
3               
10              
1               
0               
20              
96              
0               
0               
0               
0               
3               
10              
1               
0               
20              
96              
0               
0               
0               
0               
3               
10              
1               
0               
20              
96              
0               
0               
0               
0               
3               
10              
1               
0               
20              
96              
0               
0               
0               
0               
3               
10              
1               
0               
20              
96              
0               
0               
0               
0               
3               
10              
1               
0               
20              
96              
0               
0               
0               
0               
3               
10              
1               
0               
20              
96              
0               
0               
0               
0               
3               
10              
1               
50              
0               
200             
100             
-16             
2000            
100             
-16             
1               
1               
20              
5               
0               
20              
0               
0               
5000            
60000           
0               
-96             
-25             
-24             
-15             
0               
-96             
-25             
-25             
-25             
-25             
1               
0               
20              
2               
1               
20              
0               
0               
10000           
10000           
0               
-96             
0               
0               
0               
0               
-96             
0               
0               
0               
0               
1               
0               
20              
2               
1               
20              
0               
0               
10000           
10000           
0               
-96             
0               
0               
0               
0               
-96             
0               
0               
0               
0               
1               
0               
20              
2               
1               
20              
0               
0               
10000           
10000           
0               
-96             
0               
0               
0               
0               
-96             
0               
0               
0               
0               
1               
0               
20              
2               
1               
20              
0               
0               
10000           
10000           
0               
-96             
0               
0               
0               
0               
-96             
0               
0               
0               
0               
1               
0               
1               
20              
5               
1               
20              
0               
0               
1000            
60000           
0               
-96             
-25             
-20             
-15             
0               
-96             
-25             
-25             
-25             
-25             
1               
0               
1               
-1              
20              
0               
0               
90              
75              
100             
10              
10              
0               
0               
-20             
-20             
-96             
-20             
-6              
1               
50              
30              
500             
0               
1               
2               
3               
0               
1               
2               
3               
0               
0               
0               
0               
0               
-30             
0               
100             
96              
86              
6826            
6826            
6826            
6826            
6826            
6826            
6826            
6826            
6826            
6826            
0               
300             
100             
100             
600             
0               
0               

// Volume 0
