LogLevel=1
#if ParamVersion changed, cocf.fw will be regenerated
ParamVersion=6
FWVersion=707584
PanelCalibration=1
PanelNitsCalibration=1
CMDebug=0
inParam100nits=1
ForcePanelIdMatch=1
GammaCorrection=1
GammaWK=1
DualInterpolation=1


#PanelName=PanelId, PanelName:be set at dts, PanelId: 0~99:primary panel(default without setting), 100~199: secondary panel
AA553_P_7_A0001_dsc_cmd_mode_panel=0

AA553_P_7_A0001_dsc_cmd_mode_panel_Vivid=0.6813 0.322 0.268 0.685 0.150 0.060 0.2975 0.3095 0.4504504545 0.680 0.322 0.2685 0.665 0.151 0.061 0.2975 0.3095 0.4504504545 1 0 -0.05 0 0 0 0 0.478829493 1 0 -0.03 -0.03 -0.2 -0.06
AA553_P_7_A0001_dsc_cmd_mode_panel_Nature=0.636 0.332 0.306 0.586 0.150 0.060 0.3127 0.3290 0.4545454545 0.630 0.332 0.308 0.572 0.155 0.0652 0.3127 0.3290 0.454545454 1 0 0 0 0 0 0 0.454545454 1 0 -0.01 -0.02 -0.05 -0.02
AA553_P_7_A0001_dsc_cmd_mode_panel_Cinema=0.686 0.3245 0.273 0.682 0.1522 0.0626 0.3127 0.3290 0.4545454545 0.667 0.324 0.277 0.663 0.157 0.069 0.3127 0.3290 0.454545454 1 0 0 0 0 0 0 0.454545454 1 0 -0.01 -0.03 -0.1 -0.02
AA553_P_7_A0001_dsc_cmd_mode_panel_LsRGB=0.648   0.333 0.3021 0.5991 0.1465 0.0565 0.2996   0.3095  0.465116279  0.645 0.329 0.308 0.594 0.150 0.060 0.2996 0.3095  0.448430493  1  0  0  0  0  0  0  0.4761904761   1  0  -0.01  -0.07  -0.09  -0.09
AA553_P_7_A0001_dsc_cmd_mode_panel_EsRGB=0.689   0.330 0.2751 0.6781 0.1471 0.0611  0.2996  0.3095  0.454545454  20 1  0.64  0.33  0.30  0.60  0.15  0.06  0.2996 0.3095  0.4545454545  0.026  0.013  0.252  0.515  -24  0.04  0.02  0.252  0.515  -24  10
AA553_P_7_A0001_dsc_cmd_mode_panel_EP3=0.6702    0.325 0.2757 0.6826 0.1451 0.0561  0.2996  0.3095  0.454545454  20 1  0.64  0.33  0.30  0.60  0.15  0.06  0.2996 0.3095  0.4545454545  0.026  0.013  0.252  0.515  -24  0.04  0.02  0.252  0.515  -24  10
AA553_P_7_A0001_dsc_cmd_mode_panel_Vivid_100nits=0.682 0.322 0.268 0.685 0.150 0.060 0.2975 0.3095 0.4504504545 0.681 0.322 0.2685 0.665 0.151 0.061 0.2975 0.3095 0.4504504545 1 0 -0.05 0 0 0 0 0.478829493 1 0 -0.03 -0.03 -0.18 -0.03
AA553_P_7_A0001_dsc_cmd_mode_panel_Nature_100nits=0.6372 0.332 0.3051 0.587 0.1514 0.0627 0.3127 0.3290 0.4545454545 0.632 0.331 0.308 0.581 0.156 0.069 0.3127 0.3290 0.454545454 1 0 0 0 0 0 0 0.454545454 1 0 0 -0.03 -0.08 -0.02
AA553_P_7_A0001_dsc_cmd_mode_panel_Cinema_100nits=0.687 0.323 0.273 0.682 0.1522 0.0626 0.3127 0.3290 0.4545454545 0.670 0.324 0.277 0.663 0.157 0.068 0.3127 0.3290 0.454545454 1 0 0 0 0 0 0 0.454545454 1 0 -0.01 -0.03 -0.1 -0.02
AA553_P_7_A0001_dsc_cmd_mode_panel_LsRGB_100nits=0.648   0.333 0.3021 0.5991 0.1465 0.0565 0.2996   0.3095  0.465116279  0.645 0.329 0.308 0.594 0.150 0.060 0.2996 0.3095  0.448430493  1  0  0  0  0  0  0  0.4761904761   1  0  -0.01  -0.07  -0.09  -0.09
AA553_P_7_A0001_dsc_cmd_mode_panel_EsRGB_100nits=0.689   0.330 0.2751 0.6781 0.1471 0.0611  0.2996  0.3095  0.454545454  20 1  0.64  0.33  0.30  0.60  0.15  0.06  0.2996 0.3095  0.4545454545  0.026  0.013  0.252  0.515  -24  0.04  0.02  0.252  0.515  -24  10
AA553_P_7_A0001_dsc_cmd_mode_panel_EP3_100nits=0.6702    0.325 0.2757 0.6826 0.1451 0.0561  0.2996  0.3095  0.454545454  20 1  0.64  0.33  0.30  0.60  0.15  0.06  0.2996 0.3095  0.4545454545  0.026  0.013  0.252  0.515  -24  0.04  0.02  0.252  0.515  -24  10
AA553_P_7_A0001_dsc_cmd_mode_panel_Vivid_2nits=0.685 0.323 0.265 0.688 0.1495 0.058 0.2975 0.3095 0.4504504545 0.685 0.322 0.268 0.669 0.151 0.058 0.2975 0.3095 0.4504504545 1 0 -0.02 0 0 0 0 0.478829493 1 0 -0.03 -0.03 -0.2 -0.03
AA553_P_7_A0001_dsc_cmd_mode_panel_Nature_2nits=0.645 0.33 0.3051 0.600 0.150 0.057 0.3127 0.3290 0.4545454545 0.645 0.326 0.308 0.581 0.152 0.054 0.3127 0.3290 0.454545454 1 0 0 0 0 0 0 0.454545454 1 0 0 -0.03 -0.08 -0.02
AA553_P_7_A0001_dsc_cmd_mode_panel_Cinema_2nits=0.687 0.323 0.265 0.688 0.1495 0.056 0.3127 0.3290 0.4545454545 0.687 0.322 0.268 0.669 0.151 0.056 0.3127 0.3290 0.454545454 1 0 0 0 0 0 0 0.454545454 1 0 -0.01 -0.03 -0.08 -0.02
AA553_P_7_A0001_dsc_cmd_mode_panel_LsRGB_2nits=0.648   0.333 0.3021 0.5991 0.1465 0.0565 0.2996   0.3095  0.465116279  0.645 0.329 0.308 0.594 0.150 0.060 0.2996 0.3095  0.448430493  1  0  0  0  0  0  0  0.4761904761   1  0  -0.01  -0.07  -0.09  -0.09
AA553_P_7_A0001_dsc_cmd_mode_panel_EsRGB_2nits=0.689   0.330 0.2751 0.6781 0.1471 0.0611  0.2996  0.3095  0.454545454  20 1  0.64  0.33  0.30  0.60  0.15  0.06  0.2996 0.3095  0.4545454545  0.026  0.013  0.252  0.515  -24  0.04  0.02  0.252  0.515  -24  10
AA553_P_7_A0001_dsc_cmd_mode_panel_EP3_2nits=0.6702    0.325 0.2757 0.6826 0.1451 0.0561  0.2996  0.3095  0.454545454  20 1  0.64  0.33  0.30  0.60  0.15  0.06  0.2996 0.3095  0.4545454545  0.026  0.013  0.252  0.515  -24  0.04  0.02  0.252  0.515  -24  10
